-- Stone file created by createStoneFile.m to be used in upscale_relperm
-- Sw     Krw      Kro      J
 0.47100  0.00000  0.99488 4241520.20657
 0.49142  0.00136  0.89317 264979.33281
 0.51184  0.00518  0.79694 142883.41421
 0.53226  0.01147  0.70619 98304.34741
 0.55268  0.02023  0.62093 74797.56798
 0.57311  0.03145  0.54115 60089.72180
 0.59353  0.04514  0.46685 49894.98469
 0.61395  0.06130  0.39804 42311.15449
 0.63437  0.07993  0.33471 36354.87354
 0.65479  0.10103  0.27687 31456.81254
 0.67521  0.12459  0.22450 27252.61474
 0.69563  0.15062  0.17763 23482.06512
 0.71605  0.17912  0.13623 19930.64841
 0.73647  0.21008  0.10032 16383.43716
 0.75689  0.24352  0.06989 12567.35011
 0.77732  0.27942  0.04495 8038.21015
 0.79774  0.31779  0.02549 1873.20378
 0.81816  0.35862  0.01151 -8487.90750
 0.83858  0.40192  0.00302 -34703.75287
 0.85900  0.44770  0.00001 -855327.56917
