-- Stone file created by createStoneFile.m to be used in upscale_relperm
-- Sw     Krw      Kro      J
 0.62100  0.00000  0.99261 7331254.04523
 0.63511  0.00110  0.89124 625435.81038
 0.64921  0.00410  0.79533 339306.97272
 0.66332  0.00901  0.70488 233413.56623
 0.67742  0.01583  0.61989 177225.94722
 0.69153  0.02456  0.54035 141907.83626
 0.70563  0.03521  0.46628 117317.81149
 0.71974  0.04776  0.39766 98933.38779
 0.73384  0.06222  0.33450 84406.11477
 0.74795  0.07860  0.27680 72368.08717
 0.76205  0.09688  0.22456 61935.01715
 0.77616  0.11708  0.17778 52464.18600
 0.79026  0.13918  0.13645 43410.80301
 0.80437  0.16320  0.10059 34209.28093
 0.81847  0.18912  0.07018 24116.78388
 0.83258  0.21696  0.04523 11899.01193
 0.84668  0.24671  0.02574 -5029.81386
 0.86079  0.27837  0.01170 -33830.01621
 0.87489  0.31193  0.00313 -106645.89485
 0.88900  0.34741  0.00001 -1757376.93730
