-- Stone file created by createStoneFile.m to be used in upscale_relperm
-- Sw     Krw      Kro      J
 0.90100  0.00007  0.97163 6998945.82197
 0.90458  0.00150  0.87345 713271.49581
 0.90816  0.00475  0.78050 299179.02044
 0.91174  0.00984  0.69277 172730.31084
 0.91532  0.01676  0.61028 115291.35737
 0.91889  0.02550  0.53301 83575.05401
 0.92247  0.03608  0.46097 63859.10810
 0.92605  0.04848  0.39416 50566.67499
 0.92963  0.06272  0.33257 41041.88669
 0.93321  0.07878  0.27622 33867.29517
 0.93679  0.09668  0.22509 28212.87155
 0.94037  0.11640  0.17919 23546.10874
 0.94395  0.13796  0.13852 19483.24886
 0.94753  0.16134  0.10307 15693.48487
 0.95111  0.18655  0.07286 11803.59437
 0.95468  0.21360  0.04787 7229.90355
 0.95826  0.24247  0.02811 713.48347
 0.96184  0.27317  0.01358 -11537.39750
 0.96542  0.30571  0.00428 -48436.21495
 0.96900  0.34007  0.00020 -591996.50873
