-- Stone file created by createStoneFile.m to be used in upscale_relperm
-- Sw     Krw      Kro      J
 0.33100  0.00000  0.99637 27716650.14768
 0.35984  0.00162  0.89443 1059041.08011
 0.38868  0.00626  0.79799 445606.93338
 0.41753  0.01393  0.70705 214131.36705
 0.44637  0.02462  0.62161 84124.95244
 0.47521  0.03834  0.54167 -5065.06388
 0.50405  0.05508  0.46723 -74866.16962
 0.53289  0.07485  0.39829 -135176.02582
 0.56174  0.09764  0.33485 -191620.25291
 0.59058  0.12346  0.27691 -248129.07000
 0.61942  0.15230  0.22447 -308133.14084
 0.64826  0.18417  0.17753 -375357.78096
 0.67711  0.21906  0.13609 -454662.32232
 0.70595  0.25698  0.10015 -553357.84296
 0.73479  0.29792  0.06971 -683852.25451
 0.76363  0.34188  0.04477 -869987.16529
 0.79247  0.38888  0.02533 -1165432.89792
 0.82132  0.43889  0.01138 -1724381.20670
 0.85016  0.49193  0.00294 -3263157.53018
 0.87900  0.54800  0.00000 -71379330.12447
