-- Stone file created by createStoneFile.m to be used in upscale_relperm
-- Sw     Krw      Kro      J
 0.40100  0.00000  0.99535 4798065.26807
 0.42353  0.00105  0.89357 201984.89303
 0.44605  0.00401  0.79727 102066.81680
 0.46858  0.00890  0.70646 67695.83494
 0.49111  0.01571  0.62114 50237.17043
 0.51363  0.02444  0.54131 39618.25506
 0.53616  0.03509  0.46697 32428.54277
 0.55868  0.04766  0.39812 27189.59036
 0.58121  0.06216  0.33476 23152.37344
 0.60374  0.07857  0.27688 19891.50872
 0.62626  0.09691  0.22449 17140.35315
 0.64879  0.11716  0.17759 14713.11290
 0.67132  0.13934  0.13619 12461.04749
 0.69384  0.16344  0.10026 10239.43967
 0.71637  0.18946  0.06983 7867.87678
 0.73889  0.21740  0.04489 5053.34917
 0.76142  0.24726  0.02544 1178.06909
 0.78395  0.27905  0.01147 -5521.14364
 0.80647  0.31275  0.00299 -23470.75950
 0.82900  0.34837  0.00001 -818811.18881
