-- Stone file created by createStoneFile.m to be used in upscale_relperm
-- Sw     Krw      Kro      J
 0.25100  0.00000  0.99637 5998542.80510
 0.27984  0.00177  0.89443 199520.20652
 0.30868  0.00683  0.79799 100613.87180
 0.33753  0.01520  0.70705 66820.98363
 0.36637  0.02686  0.62161 49715.49583
 0.39521  0.04182  0.54167 39342.98262
 0.42405  0.06009  0.46723 32344.37398
 0.45289  0.08165  0.39829 27267.20809
 0.48174  0.10652  0.33485 23377.79453
 0.51058  0.13468  0.27691 20261.51245
 0.53942  0.16614  0.22447 17660.95516
 0.56826  0.20091  0.17753 15400.13178
 0.59711  0.23897  0.13609 13342.89133
 0.62595  0.28034  0.10015 11363.36995
 0.65479  0.32500  0.06971 9313.27735
 0.68363  0.37296  0.04477 6961.91334
 0.71247  0.42423  0.02533 3833.60293
 0.74132  0.47879  0.01138 -1420.18201
 0.77016  0.53666  0.00294 -15272.80112
 0.79900  0.59782  0.00000 -789071.03825
