-- Stone file created by createStoneFile.m to be used in upscale_relperm
-- Sw     Krw      Kro      J
 0.10100  0.00000  0.99714 539885.55079
 0.13774  0.00203  0.89509 14188.82553
 0.17447  0.00792  0.79854 7122.99109
 0.21121  0.01767  0.70750 4719.78347
 0.24795  0.03127  0.62196 3505.03292
 0.28468  0.04873  0.54194 2768.66533
 0.32142  0.07004  0.46742 2271.63094
 0.35816  0.09521  0.39842 1910.68296
 0.39489  0.12423  0.33492 1633.68234
 0.43163  0.15711  0.27693 1411.13908
 0.46837  0.19385  0.22445 1224.69215
 0.50511  0.23444  0.17748 1061.70364
 0.54184  0.27889  0.13601 912.26818
 0.57858  0.32720  0.10006 767.03789
 0.61532  0.37936  0.06961 614.72929
 0.65205  0.43537  0.04467 437.43477
 0.68879  0.49525  0.02524 197.77960
 0.72553  0.55898  0.01132 -210.93191
 0.76226  0.62656  0.00291 -1304.55837
 0.79900  0.69800  0.00000 -79227.46781
