-- Stone file created by createStoneFile.m to be used in upscale_relperm
-- Sw     Krw      Kro      J
 0.35100  0.00000  0.99600 2599148.29659
 0.37721  0.00163  0.89412 94652.33707
 0.40342  0.00628  0.79773 47718.27130
 0.42963  0.01395  0.70684 31639.34561
 0.45584  0.02465  0.62144 23486.64499
 0.48205  0.03836  0.54154 18534.06267
 0.50826  0.05510  0.46714 15184.68688
 0.53447  0.07487  0.39823 12747.19542
 0.56068  0.09765  0.33481 10871.76136
 0.58689  0.12346  0.27690 9360.01575
 0.61311  0.15229  0.22448 8087.93063
 0.63932  0.18415  0.17755 6969.48296
 0.66553  0.21903  0.13612 5936.34853
 0.69174  0.25692  0.10019 4922.79271
 0.71795  0.29785  0.06975 3847.81430
 0.74416  0.34179  0.04481 2580.92608
 0.77037  0.38876  0.02536 847.97206
 0.79658  0.43875  0.01142 -2133.62613
 0.82279  0.49177  0.00296 -10119.67910
 0.84900  0.54780  0.00000 -419789.57916
