-- Stone file created by createStoneFile.m to be used in upscale_relperm
-- Sw     Krw      Kro      J
 0.60100  0.00000  0.99287 7196845.87814
 0.61563  0.00109  0.89146 457277.37257
 0.63026  0.00409  0.79552 234389.33431
 0.64489  0.00900  0.70503 156632.14229
 0.65953  0.01582  0.62001 116963.50110
 0.67416  0.02455  0.54045 92815.01340
 0.68879  0.03519  0.46635 76488.43645
 0.70342  0.04775  0.39771 64634.71405
 0.71805  0.06222  0.33453 55555.88172
 0.73268  0.07859  0.27681 48290.61889
 0.74732  0.09688  0.22455 42242.30930
 0.76195  0.11708  0.17776 37004.58625
 0.77658  0.13920  0.13643 32266.05689
 0.79121  0.16322  0.10056 27743.74595
 0.80584  0.18916  0.07015 23111.69439
 0.82047  0.21700  0.04520 17873.58116
 0.83511  0.24676  0.02571 11023.17346
 0.84974  0.27843  0.01168 -247.91314
 0.86437  0.31201  0.00312 -29061.57601
 0.87900  0.34750  0.00001 -854193.54839
