-- Stone file created by createStoneFile.m to be used in upscale_relperm
-- Sw     Krw      Kro      J
 0.40100  0.00000  0.99556 9099304.75437
 0.42458  0.00134  0.89374 267734.02947
 0.44816  0.00515  0.79742 127129.21331
 0.47174  0.01144  0.70658 81526.33336
 0.49532  0.02019  0.62124 59222.91694
 0.51889  0.03141  0.54139 46054.95156
 0.54247  0.04511  0.46702 37369.98789
 0.56605  0.06127  0.39815 31198.76186
 0.58963  0.07991  0.33477 26565.05830
 0.61321  0.10102  0.27689 22927.48861
 0.63679  0.12460  0.22449 19957.32059
 0.66037  0.15065  0.17758 17436.60214
 0.68395  0.17917  0.13617 15204.32397
 0.70753  0.21016  0.10024 13120.95170
 0.73111  0.24362  0.06981 11033.23462
 0.75468  0.27956  0.04486 8714.19424
 0.77826  0.31796  0.02541 5702.68649
 0.80184  0.35884  0.01145 673.84752
 0.82542  0.40218  0.00298 -12966.34998
 0.84900  0.44800  0.00000 -823311.59897
