-- Stone file created by createStoneFile.m to be used in upscale_relperm
-- Sw     Krw      Kro      J
 0.84100  0.00002  0.98340 21999745.21077
 0.84721  0.00126  0.88344 1683783.59982
 0.85342  0.00438  0.78882 748753.52748
 0.85963  0.00937  0.69957 455046.47539
 0.86584  0.01623  0.61567 316867.73311
 0.87205  0.02497  0.53713 238107.77956
 0.87826  0.03559  0.46395 187772.75618
 0.88447  0.04807  0.39613 153017.85755
 0.89068  0.06244  0.33366 127609.51248
 0.89689  0.07868  0.27655 108164.28034
 0.90311  0.09679  0.22479 92674.78378
 0.90932  0.11678  0.17840 79846.32239
 0.91553  0.13864  0.13735 68756.19698
 0.92174  0.16238  0.10167 58640.92818
 0.92795  0.18800  0.07135 48701.55579
 0.93416  0.21549  0.04638 37790.88780
 0.94037  0.24485  0.02676 23589.58338
 0.94658  0.27609  0.01251 -631.26873
 0.95279  0.30920  0.00361 -68247.84415
 0.95900  0.34419  0.00007 -1462464.20384
