-- Stone file created by createStoneFile.m to be used in upscale_relperm
-- Sw     Krw      Kro      J
 0.80100  0.00002  0.98577 6859384.05457
 0.80826  0.00122  0.88544 438130.95852
 0.81553  0.00430  0.79049 191339.98311
 0.82279  0.00927  0.70093 114869.05087
 0.83005  0.01613  0.61676 79005.16573
 0.83732  0.02487  0.53796 58526.08810
 0.84458  0.03549  0.46455 45354.93942
 0.85184  0.04799  0.39652 36152.50024
 0.85911  0.06238  0.33388 29294.02976
 0.86637  0.07866  0.27661 23887.19132
 0.87363  0.09681  0.22473 19385.79938
 0.88089  0.11686  0.17824 15411.72665
 0.88816  0.13878  0.13712 11654.88712
 0.89542  0.16259  0.10139 7793.77790
 0.90268  0.18829  0.07104 3389.79114
 0.90995  0.21586  0.04608 -2336.21845
 0.91721  0.24533  0.02650 -11158.13563
 0.92447  0.27667  0.01230 -28500.54195
 0.93174  0.30990  0.00348 -82101.66834
 0.93900  0.34502  0.00005 -1454638.95657
